gamma = seq(from=0.002112,to=0.002115,by=0.0000003);
delta = seq(from=0.018,to=0.019,by=0.00008);

30 34 32 32 264 251 262 267 273 265 267 26 36
33 29 31 30 255 249 253 259 260 264 259 24 29
30 29 30 29 30 256 266 267 268 260 258 23 34
33 29 29 29 30 29 259 267 268 0 0 0 0
30 28 29 29 27 30 29 29 266 265 33 27 32
28 29 29 29 0 0 0 0 0 0 0 0 0
28 27 28 29 25 25 29 27 27 29 33 26 32
28 28 27 27 27 29 29 25 29 33 30 32 24
27 27 27 25 25 24 25 25 27 26 27 29 24
28 27 27 27 24 25 25 27 24 24 25 24 24
27 27 27 25 25 24 25 25 26 26 25 26 24
